$ 1 0.000005 10.20027730826997 50 5 43 5e-11
a 592 336 736 336 8 3.3 -3.3 1000000 1.6334079671250394 1.6334106728538278 100000
w 736 336 800 336 0
w 736 336 736 256 0
w 736 256 704 256 0
g 592 432 592 464 0 0
r 592 352 592 432 0 25600
r 592 256 704 256 0 25600
r 512 352 592 352 0 200
r 512 320 592 320 0 200
w 592 256 592 320 0
r 368 224 288 304 0 120
r 288 304 368 384 0 120
r 448 304 368 384 0 120
w 448 304 512 320 0
w 288 304 304 480 0
w 304 480 512 480 0
w 512 480 512 352 0
R 368 224 368 176 0 0 40 3.3 0 0 0.5
g 368 384 368 400 0 0
p 448 304 288 304 1 0 0
r 368 224 448 304 0 120.4
o 19 64 0 4098 0.625 0.00009765625 0 3 1 0 1 3
38 20 F1 0 119 121 -1 Resistance
