$ 1 0.000005 10.20027730826997 50 5 43 5e-11
r 336 320 336 384 0 120.0144
r 336 384 336 448 0 120
R 336 256 336 208 0 0 40 5 0 0 0.5
v 336 256 336 320 0 1 100 0.05 0 0 0.5
g 336 448 336 480 0 0
w 336 384 384 384 0
w 336 448 384 448 0
p 384 384 384 448 1 0 0
r 592 288 512 368 0 120
r 512 368 592 448 0 120
r 592 288 672 368 0 120
r 672 368 592 448 0 120
R 592 224 592 176 0 0 40 5 0 0 0.5
v 592 224 592 288 0 1 100 0.05 0 0 0.5
g 592 448 592 480 0 0
p 512 368 672 368 1 0 0
r 896 288 816 368 0 119
r 816 368 896 448 0 121
r 976 368 896 448 0 119
R 896 224 896 176 0 0 40 5 0 0 0.5
v 896 224 896 288 0 1 100 0.05 0 0 0.5
g 896 448 896 480 0 0
p 816 368 976 368 1 0 0
r 896 288 976 368 0 121
403 368 464 496 528 0 7_32_0_12290_2.524848509089141_0.0001_-1_1
o 22 64 0 4098 0.3125 0.1 0 1
38 0 F1 0 119.76 120.24 -1 应变片
